1000,1,3.141377,-2.1603e-04,2.5686e-06,3.141555,-3.7187e-05,1.8404e-05,0.139568,3.141377,-2.1603e-04,7.4580e-06,0.344406
1000,2,3.141377,-2.1603e-04,2.6394e-06,3.141555,-3.7187e-05,8.3626e-05,0.031561,3.141377,-2.1603e-04,1.2863e-05,0.205184
1000,4,3.141377,-2.1603e-04,2.4782e-06,3.141555,-3.7187e-05,1.8698e-04,0.013254,3.141377,-2.1603e-04,6.9058e-06,0.358867
1000,8,3.141377,-2.1603e-04,2.7446e-06,3.141555,-3.7187e-05,3.1864e-04,0.008613,3.141377,-2.1603e-04,6.8257e-06,0.402101
1000,16,3.141377,-2.1603e-04,2.8834e-06,3.141555,-3.7187e-05,4.4012e-04,0.006551,3.141377,-2.1603e-04,1.2370e-05,0.233097
1000,28,3.141377,-2.1603e-04,1.7154e-05,3.141555,-3.7187e-05,1.7011e-03,0.010084,3.141377,-2.1603e-04,2.1135e-05,0.811660
100000,1,3.141592,-2.1607e-07,2.5270e-04,3.141593,-3.7188e-08,1.5279e-03,0.165388,3.141592,-2.1607e-07,8.6186e-04,0.293197
100000,2,3.141592,-2.1607e-07,2.7977e-04,3.141593,-3.7188e-08,3.2136e-03,0.087059,3.141592,-2.1607e-07,3.8017e-04,0.735921
100000,4,3.141592,-2.1607e-07,2.2784e-04,3.141593,-3.7188e-08,4.5213e-03,0.050392,3.141592,-2.1607e-07,4.3619e-04,0.522329
100000,8,3.141592,-2.1607e-07,2.3057e-04,3.141593,-3.7188e-08,1.1123e-02,0.020728,3.141592,-2.1607e-07,1.0404e-04,2.216156
100000,16,3.141592,-2.1607e-07,2.2794e-04,3.141593,-3.7188e-08,1.1486e-02,0.019845,3.141592,-2.1607e-07,5.8585e-05,3.890772
100000,28,3.141592,-2.1607e-07,2.7429e-04,3.141593,-3.7188e-08,6.7647e-03,0.040547,3.141592,-2.1607e-07,6.4402e-05,4.259071
10000000,1,3.141593,-2.1632e-10,2.4335e-02,3.141593,-3.7434e-11,1.2494e-01,0.194779,3.141593,-2.1632e-10,7.0018e-02,0.347556
10000000,2,3.141593,-2.1632e-10,2.3218e-02,3.141593,-3.7588e-11,2.4526e-01,0.094666,3.141593,-2.1618e-10,3.5518e-02,0.653680
10000000,4,3.141593,-2.1632e-10,2.4097e-02,3.141593,-3.7628e-11,6.0717e-01,0.039687,3.141593,-2.1611e-10,1.8809e-02,1.281150
10000000,8,3.141593,-2.1632e-10,2.3659e-02,3.141593,-3.7209e-11,4.9706e-01,0.047598,3.141593,-2.1607e-10,1.0867e-02,2.177226
10000000,16,3.141593,-2.1632e-10,2.4348e-02,3.141593,-3.7473e-11,5.4963e-01,0.044300,3.141593,-2.1607e-10,4.9753e-03,4.893853
10000000,28,3.141593,-2.1632e-10,2.4377e-02,3.141593,-3.7363e-11,8.6178e-01,0.028286,3.141593,-2.1606e-10,4.4001e-03,5.540031
1000000000,1,3.141593,-3.1575e-13,2.3153e+00,3.141593,-1.3678e-13,1.2664e+01,0.182828,3.141593,-3.1575e-13,7.0577e+00,0.328055
1000000000,2,3.141593,-3.1575e-13,2.3076e+00,3.141593,-5.0626e-14,2.7957e+01,0.082540,3.141593,-7.7272e-14,3.5426e+00,0.651387
1000000000,4,3.141593,-3.1575e-13,2.3207e+00,3.141593,-7.6383e-14,3.5608e+01,0.065172,3.141593,-1.4300e-13,1.8903e+00,1.227675
1000000000,8,3.141593,-3.1575e-13,2.2953e+00,3.141593,4.8850e-15,9.1239e+01,0.025157,3.141593,-3.4817e-13,1.0087e+00,2.275503
1000000000,16,3.141593,-3.1575e-13,2.2924e+00,3.141593,-1.6875e-14,9.5647e+01,0.023967,3.141593,-3.3840e-13,4.9913e-01,4.592742
1000000000,28,3.141593,-3.1575e-13,2.3123e+00,3.141593,5.8620e-14,5.4580e+01,0.042366,3.141593,-2.5402e-13,3.4049e-01,6.791240
